0.6716    0.6159    0.7384    0.1498
0.5797    0.5330    0.6353    0.1489
0.6386    0.5856    0.7021    0.1499
0.6246    0.5718    0.6881    0.1490
0.6634    0.6039    0.7360    0.1458
0.6051    0.5548    0.6655    0.1497
0.6190    0.5592    0.6930    0.1444
0.5097    0.4674    0.5604    0.1497
0.5697    0.5213    0.6279    0.1488
0.4588    0.4222    0.5024    0.1494
0.6118    0.5580    0.6771    0.1468
0.6181    0.5668    0.6796    0.1499
0.5312    0.4900    0.5800    0.1498
0.4562    0.4192    0.5004    0.1490
0.5374    0.4929    0.5908    0.1478
0.5940    0.5449    0.6528    0.1498
0.5908    0.5426    0.6484    0.1497
0.6886    0.6319    0.7564    0.1497
0.6320    0.5807    0.6933    0.1498
0.5894    0.5403    0.6483    0.1493
0.5526    0.5064    0.6080    0.1499
0.5516    0.5073    0.6045    0.1500
0.5524    0.5079    0.6055    0.1499
0.5832    0.5346    0.6414    0.1488
0.5156    0.4720    0.5681    0.1489
0.5807    0.5346    0.6357    0.1486
0.4655    0.4268    0.5120    0.1498
0.6117    0.5609    0.6725    0.1497
0.5347    0.4901    0.5881    0.1499
0.5440    0.5006    0.5957    0.1486
0.6808    0.6255    0.7469    0.1493
0.6650    0.6121    0.7281    0.1486
0.5702    0.5227    0.6273    0.1497
0.6114    0.5556    0.6796    0.1449
0.6342    0.5846    0.6930    0.1495
0.6194    0.5682    0.6807    0.1495
0.4641    0.4270    0.5083    0.1494
0.5583    0.5162    0.6080    0.1496
0.6471    0.5892    0.7177    0.1465
0.6042    0.5543    0.6640    0.1500
0.8126    0.7463    0.8919    0.1491
0.6056    0.5548    0.6666    0.1494
0.6285    0.5745    0.6938    0.1478
0.6906    0.6336    0.7590    0.1478
0.6509    0.5992    0.7128    0.1464
0.5760    0.5282    0.6333    0.1500
0.4587    0.4186    0.5075    0.1468
0.5499    0.4976    0.6146    0.1437
0.4594    0.4216    0.5046    0.1499
0.5638    0.5156    0.6219    0.1487
